11111111111111111111111121111111111111111111111111111
10000000000000000000000000000000000000000000000000001
100000000p00000e0000000000000000000000000000000000001
10000000000000000000000000000000000000011111111111111
11111111111111111111121111111100000000010000000000001
10000000000000000001000000000100000000010000000000001
10000000000000000001000000000100000000010000000000001
10011111111111111001000000000111111111111111111000001
10010000000000001001111111111100000000000000001000001
10010000000000001001000000000100000000000000001000001
10010000000000001001000000000100000000000000001000001
10010000000000001001000000000100000000000000001000001
10010000000000001001000000000100000000000000000000001
10011111112111111001000000000100000000000000000000001
10000000000000000001000000000100000000000000000000001
10000000000000000001000000000100000000000000000000001
11111111111111111111111111111111111111111111111111111